problem_scenarios = {
    'v_cluster': {
        'start': ((-0.15, 0.15), (-1, -0.80)),
        'goal': ((-0.15, 0.15), (0.80, 1)),
        'obs': ((-0.15, 0.15), (-0.15, 0.15))
    },
    'h_cluster': {
        'start': ((-1, -0.80), (-0.15, 0.15)),
        'goal': ((0.80, 1), (-0.15, 0.15)),
        'obs': ((-0.15, 0.15), (-0.15, 0.15))
    },
    'v_wall': {
        'start': ((-1, -0.80), (-1, 1)),
        'goal': ((0.80, 1), (-1, 1)),
        'obs': ((-0.075, 0.075), (-0.6, 0.6))
    },
    'h_wall': {
        'start': ((-1, 1), (-1, -0.80)),
        'goal': ((-1, 1), (0.80, 1)),
        'obs': ((-0.6, 0.6), (-0.075, 0.75))
    },
    'left': {
        'start': ((0, 1), (-1, -0.80)),
        'goal': ((0, 1), (0.80, 1)),
        'obs': ((-1, 0), (-1, 1))
    },
    'right': {
        'start': ((-1, 0), (-1, -0.80)),
        'goal': ((-1, 0), (0.80, 1)),
        'obs': ((0, 1), (-1, 1))
    },
    'up': {
        'start': ((-1, 0.80), (-1, 0)),
        'goal': ((0.80, 1), (-1, 0)),
        'obs': ((-1, 1), (0, 1))
    },
    'down': {
        'start': ((-1, 0.80), (0, 1)),
        'goal': ((0.80, 1), (0, 1)),
        'obs': ((-1, 1), (-1, 0))
    },
}